3 16 16 0
................
................
................
................
................
................
....O.O.OOX.....
.....X.X.O......
......XOX.......
.....XOX........
................
................
................
................
................
................
0 0 0 0 0 0 0 0 0 0 0 0 0 0 0 0 
0 0 0 0 0 0 0 0 0 0 0 0 0 0 0 0 
0 0 0 0 0 0 0 0 0 0 0 0 0 0 0 0 
0 0 0 0 0 0 0 0 0 0 0 0 0 0 0 0 
0 0 0 0 0 0 0 0 0 0 0 0 0 0 0 0 
0 0 0 1 1 1 1 1 1 1 1 1 0 0 0 0 
0 0 0 1 1 1 1 1 1 1 1 1 0 0 0 0 
0 0 0 1 1 1 1 0 1 1 1 1 0 0 0 0 
0 0 0 0 1 1 1 1 1 1 1 0 0 0 0 0 
0 0 0 0 1 1 1 1 1 1 0 0 0 0 0 0 
0 0 0 0 1 1 1 1 1 0 0 0 0 0 0 0 
0 0 0 0 0 0 0 0 0 0 0 0 0 0 0 0 
0 0 0 0 0 0 0 0 0 0 0 0 0 0 0 0 
0 0 0 0 0 0 0 0 0 0 0 0 0 0 0 0 
0 0 0 0 0 0 0 0 0 0 0 0 0 0 0 0 
0 0 0 0 0 0 0 0 0 0 0 0 0 0 0 0 
